+628120000000
+628120000001
+628120000002
+628120000003
+628120000004
+628120000005
+628120000006
+628120000007
+628120000008
+628120000009
+628120000010
+628120000011
+628120000012
+628120000013
+628120000014
+628120000015
+628120000016
+628120000017
+628120000018
+628120000019
+628120000020
+628120000021
+628120000022
+628120000023
+628120000024
+628120000025
+628120000026
+628120000027
+628120000028
+628120000029
+628120000030
+628120000031
+628120000032
+628120000033
+628120000034
+628120000035
+628120000036
+628120000037
+628120000038
+628120000039
+628120000040
+628120000041
+628120000042
+628120000043
+628120000044
+628120000045
+628120000046
+628120000047
+628120000048
+628120000049
+628120000050
+628120000051
+628120000052
+628120000053
+628120000054
+628120000055
+628120000056
+628120000057
+628120000058
+628120000059
+628120000060
+628120000061
+628120000062
+628120000063
+628120000064
+628120000065
+628120000066
+628120000067
+628120000068
+628120000069
+628120000070
+628120000071
+628120000072
+628120000073
+628120000074
+628120000075
+628120000076
+628120000077
+628120000078
+628120000079
+628120000080
+628120000081
+628120000082
+628120000083
+628120000084
+628120000085
+628120000086
+628120000087
+628120000088
+628120000089
+628120000090
+628120000091
+628120000092
+628120000093
+628120000094
+628120000095
+628120000096
+628120000097
+628120000098
+628120000099
+628120000100
+628120000101
+628120000102
+628120000103
+628120000104
+628120000105
+628120000106
+628120000107
+628120000108
+628120000109
+628120000110
+628120000111
+628120000112
+628120000113
+628120000114
+628120000115
+628120000116
+628120000117
+628120000118
+628120000119
+628120000120
+628120000121
+628120000122
+628120000123
+628120000124
+628120000125
+628120000126
+628120000127
+628120000128
+628120000129
+628120000130
+628120000131
+628120000132
+628120000133
+628120000134
+628120000135
+628120000136
+628120000137
+628120000138
+628120000139
+628120000140
+628120000141
+628120000142
+628120000143
+628120000144
+628120000145
+628120000146
+628120000147
+628120000148
+628120000149
+628120000150
+628120000151
+628120000152
+628120000153
+628120000154
+628120000155
+628120000156
+628120000157
+628120000158
+628120000159
+628120000160
+628120000161
+628120000162
+628120000163
+628120000164
+628120000165
+628120000166
+628120000167
+628120000168
+628120000169
+628120000170
+628120000171
+628120000172
+628120000173
+628120000174
+628120000175
+628120000176
+628120000177
+628120000178
+628120000179
+628120000180
+628120000181
+628120000182
+628120000183
+628120000184
+628120000185
+628120000186
+628120000187
+628120000188
+628120000189
+628120000190
+628120000191
+628120000192
+628120000193
+628120000194
+628120000195
+628120000196
+628120000197
+628120000198
+628120000199
+628120000200
+628120000201
+628120000202
+628120000203
+628120000204
+628120000205
+628120000206
+628120000207
+628120000208
+628120000209
+628120000210
+628120000211
+628120000212
+628120000213
+628120000214
+628120000215
+628120000216
+628120000217
+628120000218
+628120000219
+628120000220
+628120000221
+628120000222
+628120000223
+628120000224
+628120000225
+628120000226
+628120000227
+628120000228
+628120000229
+628120000230
+628120000231
+628120000232
+628120000233
+628120000234
+628120000235
+628120000236
+628120000237
+628120000238
+628120000239
+628120000240
+628120000241
+628120000242
+628120000243
+628120000244
+628120000245
+628120000246
+628120000247
+628120000248
+628120000249
+628120000250
+628120000251
+628120000252
+628120000253
+628120000254
+628120000255
+628120000256
+628120000257
+628120000258
+628120000259
+628120000260
+628120000261
+628120000262
+628120000263
+628120000264
+628120000265
+628120000266
+628120000267
+628120000268
+628120000269
+628120000270
+628120000271
+628120000272
+628120000273
+628120000274
+628120000275
+628120000276
+628120000277
+628120000278
+628120000279
+628120000280
+628120000281
+628120000282
+628120000283
+628120000284
+628120000285
+628120000286
+628120000287
+628120000288
+628120000289
+628120000290
+628120000291
+628120000292
+628120000293
+628120000294
+628120000295
+628120000296
+628120000297
+628120000298
+628120000299
+628120000300
+628120000301
+628120000302
+628120000303
+628120000304
+628120000305
+628120000306
+628120000307
+628120000308
+628120000309
+628120000310
+628120000311
+628120000312
+628120000313
+628120000314
+628120000315
+628120000316
+628120000317
+628120000318
+628120000319
+628120000320
+628120000321
+628120000322
+628120000323
+628120000324
+628120000325
+628120000326
+628120000327
+628120000328
+628120000329
+628120000330
+628120000331
+628120000332
+628120000333
+628120000334
+628120000335
+628120000336
+628120000337
+628120000338
+628120000339
+628120000340
+628120000341
+628120000342
+628120000343
+628120000344
+628120000345
+628120000346
+628120000347
+628120000348
+628120000349
+628120000350
+628120000351
+628120000352
+628120000353
+628120000354
+628120000355
+628120000356
+628120000357
+628120000358
+628120000359
+628120000360
+628120000361
+628120000362
+628120000363
+628120000364
+628120000365
+628120000366
+628120000367
+628120000368
+628120000369
+628120000370
+628120000371
+628120000372
+628120000373
+628120000374
+628120000375
+628120000376
+628120000377
+628120000378
+628120000379
+628120000380
+628120000381
+628120000382
+628120000383
+628120000384
+628120000385
+628120000386
+628120000387
+628120000388
+628120000389
+628120000390
+628120000391
+628120000392
+628120000393
+628120000394
+628120000395
+628120000396
+628120000397
+628120000398
+628120000399
+628120000400
+628120000401
+628120000402
+628120000403
+628120000404
+628120000405
+628120000406
+628120000407
+628120000408
+628120000409
+628120000410
+628120000411
+628120000412
+628120000413
+628120000414
+628120000415
+628120000416
+628120000417
+628120000418
+628120000419
+628120000420
+628120000421
+628120000422
+628120000423
+628120000424
+628120000425
+628120000426
+628120000427
+628120000428
+628120000429
+628120000430
+628120000431
+628120000432
+628120000433
+628120000434
+628120000435
+628120000436
+628120000437
+628120000438
+628120000439
+628120000440
+628120000441
+628120000442
+628120000443
+628120000444
+628120000445
+628120000446
+628120000447
+628120000448
+628120000449
+628120000450
+628120000451
+628120000452
+628120000453
+628120000454
+628120000455
+628120000456
+628120000457
+628120000458
+628120000459
+628120000460
+628120000461
+628120000462
+628120000463
+628120000464
+628120000465
+628120000466
+628120000467
+628120000468
+628120000469
+628120000470
+628120000471
+628120000472
+628120000473
+628120000474
+628120000475
+628120000476
+628120000477
+628120000478
+628120000479
+628120000480
+628120000481
+628120000482
+628120000483
+628120000484
+628120000485
+628120000486
+628120000487
+628120000488
+628120000489
+628120000490
+628120000491
+628120000492
+628120000493
+628120000494
+628120000495
+628120000496
+628120000497
+628120000498
+628120000499